# Expected Output

```text
Matrix
  1  2  3  4  5  6
  7  8  9 10 11 12
 13 14 15 16 17 18
 19 20 21 22 23 24
 25 26 27 28 29 30
 31 32 33 34 35 36

Horizontal Flip
 31 32 33 34 35 36
 25 26 27 28 29 30
 19 20 21 22 23 24
 13 14 15 16 17 18
  7  8  9 10 11 12
  1  2  3  4  5  6

Vertical Flip
  6  5  4  3  2  1
 12 11 10  9  8  7
 18 17 16 15 14 13
 24 23 22 21 20 19
 30 29 28 27 26 25
 36 35 34 33 32 31

Diagonal Flip
  1  7 13 19 25 31
  2  8 14 20 26 32
  3  9 15 21 27 33
  4 10 16 22 28 34
  5 11 17 23 29 35
  6 12 18 24 30 36

Anti-Diagonal Flip
 36 30 24 18 12  6
 35 29 23 17 11  5
 34 28 22 16 10  4
 33 27 21 15  9  3
 32 26 20 14  8  2
 31 25 19 13  7  1
```
